,,,1505985189.349523
,,,1506012098.799225
,,,1506073062.105805
,,,1506093620.831348
,,,1506101211.539282
,,,1507547462.753874
,,,1508092277.467774
,,,1508095388.887583
,,,1508926957.221306
,,,1508932146.585123
1508932629.017054,b53c240b8c5821a7,,1508932612.598148
,,,1509031695.374969
,,,1509100830.3308
,,,1509365746.072753
,,,1509463921.571116
,,,1509969030.55813
1509977480.427078,7fd88243fc74efc8,,1509977446.171005
,,,1510145842.03013
1510146551.928911,34bbc080daa2a3d2,,1510146495.3937
,,,1510148282.18184
,,,1510149623.138973
,,,1510226998.415972
,,,1510832312.815692
,,,1510926657.956617
,,,1512489836.549893
,,,1512572870.059078
1513181374.683231,4f2b605f5d404699,,1513181354.442968
,,,1513336585.643108
1513693365.191768,275f43b3e4e95f7a,,1513693337.817008
,,,1513875873.042395
,,,1515594382.632293
,,,1515753242.304252
,,,1515757833.03445
,,,1516892687.501258
,,,1516899424.391405
,,,1517311765.028881
,,,1517312322.295543
,,,1517914927.091672
,,,1517915069.004996
,,,1519300147.660735
,,,1519300186.345069
,,,1519301339.987194
,,,1519306173.18788
,,,1519308920.739983
,,,1519745256.577006
,,,1520802025.300846
,,,1525788069.216534
,,,1525792119.97398
,,,1526391597.093485
,,,1526917593.017564
